2137110
1992604
1508535
1525715
2030612
1981801
1977282
2144773
1965626
1998780
2073677
2040544
144461
2025384
2065882
42928
1957594
2067471
2126155
2278383
1062457
2079544
2057379
2158767
1990153
2116184
2289269
1964481
1041408
2160774
2059558
2050936
2242943
2060396
2148130
1726674
1984308
2144528
1524851
2061723
1614576
2111867
1974852
1359488
1988336
2057052
2064922
1656407
2101703
2075658
2061740
2189905
1440917
1045423
2037441
2125200
2154517
1922601
2005160
2154542
1973129
2190521
2022167
1950260
2218475
1960230
1103776
2134887
2147601
2218042
2242639
1985115
2066055
1997066
1976743
1799481
15898
1975034
1862691
2142941
2121637
2066196
2055003
1973559
1981229
2195367
2064810
2139605
1965229
2156097
2047986
2065260
2035780
1978487
1980378
1977598
0
2124700
1992198
2093137
2038071
2291666
2033204
2281016
2002583
1977474
1982064
2124827
2101958
1460132
1977737
2026065
2033711
2202278
1165105
1990698
2044904
2247470
1980401
1953926
2219851
1143167
1879657
1987588
2056458
1978672
1963456
2025187
2114678
2142085
1995115
1915567
2217725
2085781
2067279
2099902
1958075
2234670
2060127
2146894
2174486
1980072
1971674
2131356
2054456
1985950
49391
2112165
2211017
2128571
2124693
2033920
2225482
1981048
2190679
1959800
2088298
1979068
1978634
1978003
2066218
2060913
2138483
2045873
2136299
2046038
1776440
2068892
1977674
2153489
2050571
2051177
1988227
1318700
2054742
1960295
103966
2203690
2209530
2064751
2217215
2049347
2187716
2084631
2054537
2015900
2053773
2261768
2076600
2070759
2073798
2268944
2083662
2127571
2131918
1995815
2020601
1979523
2062119
2223860
2172605
2269173
1513292
30695
2061057
1979667
2045233
1976582
2164789
2237653
77270
2149911
1981423
1962610
2136445
2153684
2144937
1992383
1231266
1964152
1868461
1962824
2031226
54217
2124728
2298040
61194
2065667
2081721
1994954
1106219
2038094
1960934
1988957
2238516
2225091
1981624
2050554
2141131
2114077
2028251
2045806
2033086
2033011
2082643
2191951
1980856
2201510
2162823
2121213
2250643
1814222
2271303
2061320
1059908
1967155
2280863
2183582
2050917
1958963
2096513
2089585
1959401
2192794
2091067
1969608
1975481
2033149
1085502
1978691
2013312
2075252
2061292
2059526
1471358
2003051
2071684
2055106
1358533
2232351
49526
2185153
2023190
1493692
2264966
1993589
1040398
2154322
2233647
2140224
2090901
2075944
2056415
2247167
1991324
1962848
1368468
49026
2267450
1959745
1972102
2118218
1980168
1963404
1926141
2131170
1959408
1071583
2114032
2023220
2217193
2095567
2054653
1980259
1983812
1978888
1305571
2022328
1962269
1960125
1928704
1981397
1976320
2051829
1967362
2165996
1978660
1968415
2079490
2039989
2070706
2112518
2015412
1976307
2065986
1979818
2009705
1955040
2134266
1778371
2142318
2144955
1595920
2153049
2033407
2036207
1957267
1982057
2155364
1977901
2213996
2123742
2216640
1976547
138262
1971090
2116148
2232861
1466399
2151584
2094031
1965027
2214081
1961673
2277028
2009526
2231943
2046782
1697387
2022672
2294246
2069322
2068806
2225075
2213883
1730376
2128764
1530272
2109831
2054962
2026493
2007451
2214409
1959286
2060869
2055488
1157810
2136170
2061382
2125201
1978688
2229354
1978172
2055598
2320459
1976986
2010207
48744
1999671
49652
2080016
1980391
1770819
2057733
1976857
1506969
2041052
219114
1989989
1962508
2119256
2232396
2071864
1352056
2026803
1268251
2250481
2027192
2029542
2066734
2272298
2250211
2280585
2316580
2087851
1978862
2150984
1978508
162868
1958110
1295481
2072656
2144886
2048026
1949393
2032099
2045841
99178
2034878
1976357
2140830
2174315
2048183
2080056
2133581
2176974
1988135
2247603
2057159
1980662
2088277
1980491
1972594
2070398
1976298
2198277
1979689
2036985
1083129
2150562
1553836
1981343
2008865
1979346
2026904
2082076
2149340
2039948
1971743
2061784
54204
1960862
2323089
1969960
2049229
1966661
2033609
2191692
2113274
2151966
1361095
1956884
2039108
2169946
2230785
1967646
1981502
2035541
2095192
2076838
2284834
2083764
2054987
2155503
2027193
1963277
1974029
2052922
2076888
2160485
160989
2082948
1993854
2151418
1974292
1960767
2181915
1982190
2262608
2159837
2071402
2066377
2011585
1563640
1093052
2118328
2095557
2103020
2132976
2121046
2060419
2075262
2133882
2309542
2048321
1996471
1973641
2221669
2288661
2063297
1962311
1978398
1982418
2171437
2097773
2007225
2053739
2185842
208503
2085542
2076092
2144688
2192738
1214265
1127068
2189796
2055952
2242672
2095621
2180495
1971723
1996605
1972549
1994757
2036654
2095316
2059150
2052193
2077580
2161705
1981588
2032388
1582711
2239940
1962504
2061915
2142223
2010942
2199019
2074018
1978464
2159496
1984755
2049624
2038985
2135270
2149630
2101399
1973437
2048537
2098567
2049102
2186721
2026228
2121837
2066744
1980870
2152896
2268365
2148532
2214756
2194241
2066172
2062953
1980404
1973819
2033430
2018477
2271314
1953304
1982803
1988878
1958077
2153758
1186586
1961482
2114299
2073254
1982258
2134280
1868226
2126161
1953235
1997222
2262448
2205396
1956984
2072127
2128732
2088692
1984306
2082131
2051434
0
0
2068757
1981739
2208085
1605173
2286507
2059565
1519732
1964740
2065568
1980897
1579582
1994873
2195129
1172009
1683116
2177777
2098326
2115371
0
2079981
2084411
2149810
1678385
1064856
1557233
2123372
1974269
2209192
2060349
2080177
1984188
1981644
1969725
2085044
1961391
2047774
2082934
2127464
2159857
1970917
1361012
2254628
1964140
2052509
2021084
2241963
1951085
2028223
2051468
1980848
1938118
1773832
2085247
1958475
2032790
0
1975921
1767863
2144876
2088652
2219332
1418293
2073161
1208427
1970680
2059854
1991388
2113834
2329938
1959579
2031117
2077404
2011326
2190539
1479217
2102073
1980740
1989970
2177899
1957346
2197977
1976146
2065352
1739009
1360548
2094645
2016991
1982804
2244798
2242637
1978614
2230111
2153443
1958794
2054322
2047138
2047685
2102586
1957315
2114565
2136326
1961943
1999699
2142155
2225971
1986378
2145545
2068598
2288229
2097045
1975004
2043652
1973490
2142038
2066866
1598434
2039954
1950640
65121
2105732
1957453
1987797
2024701
1965769
2032768
2061587
2217464
2137196
2060877
1978633
1984167
2209167
1980229
2048873
1986209
2181198
2319099
2020955
1236581
2068429
1978883
2133830
1996516
30375
2086404
1991955
1955612
2130130
2122202
1980981
2313044
2051253
2128147
2078706
2266168
1973797
1836266
2038547
2226102
2184977
2218576
2009737
2124638
2078110
1711251
1992789
1980368
2028013
2135587
2235222
1977466
1040401
2119451
1236941
1982530
1519834
2026547
2023050
2195920
2002667
2089071
1977706
2063592
2039559
0
2153499
2123706
1969604
2184666
1975898
1962500
2322262
2126149
2060212
1990359
2172970
2126022
1950732
1979503
2184119
1962000
1282847
2214348
2070049
1177757
1909579
2017572
2052791
2034616
1965812
1975738
1992404
2137671
2292558
2074595
2059322
2262948
2121127
2061554
2182197
2248254
2125769
1675268
2100492
2039700
2089338
2078179
1958487
2222326
2118239
1983646
1713541
1981832
2128263
2215448
2066161
2108095
2275341
1966857
2080539
2084123
1976570
2028376
2139935
2031519
2055434
2267098
2128799
1164369
2059143
1371184
2258867
1984454
1967836
1702548
2059948
1962735
2054023
1979118
2183922
1633183
1979091
2101313
1961635
1980551
166502
2241294
1403383
2210417
2044594
2240512
1980726
2177565
2039970
2014501
1983723
2210391
1977568
1981308
1962236
2053282
2246716
1963191
2040220
2202553
41216
2222596
2149507
2034636
2078796
2063170
2011405
2154611
2052634
2064983
1980793
1982117
2009650
2285605
2050226
1978017
1592010
2111933
1981583
2134672
2081411
2064911
2076281
1972681
2150501
2103231
2000620
1976025
2185278
2280509
2154737
1981236
1609588
2166282
2066056
2146822
2083727
2050697
2094504
1990496
1866494
2179031
2091723
2186414
2049124
1961935
2024876
1499076
1984494
2026775
39817
2085635
2245228
1974920
2077378
2092454
2135190
2102721
2222584
1958450
2173291
1981393
2060725
1597999
2220298
2074109
2030023
2146461
2061318
2049892
1403336
2103590
2080701
2091348
2031180
2146891
2023535
1956849
1980704
2243055
2084807
2249878
2110749
2117715
1958902
2054434
2152926
2236777
2112398
2142050
2083519
2093321
2217521
2064786
1931908
2184139
2048512
1984686
2271851
1973989
1972636
1978177
2082717
2072010
2082301
2085273
2050460
2122022
2237534
1961384
2074057
2127270
2252906
1875098
1205608
2053242
2005998
2136528
1978135
2056834
2059047
1972125
1960264
2064994
1955025
1966361
1965932
2026379
1972443
2217310
2049489
2015740
2126951
2254565
2321449
1979771
2195318
2077212
2060185
2148923
2069698
2162001
2294072
1968631
2248770
186901
1959047
2210455
2059163
1987419
1966592
1978761
2073328
2327483
1961300
1988574
1976260
1962918
1976121
2037359
2097874
2078146
2045533
2050207
2234986
2237154
2220761
2052507
1996868
1975976
1784686
1046996
2065470
2239305
2053900
2199463
1981319
1985672
2083749
2029066
1964365
2270092
1977069
2048823
2052499
2234152
1980383
2218301
1871799
2083885
2061330
2026303
2133514
1979761
2230143
2040594
1975732
2154435
2024528
1977709
1974009
2059321
2051234
1978456
2218926
39085
2237759
1096281
2069486
2149817
2071446
2143478
2056505
223851
2051702
1839590
1874777
128011
2065618
1979804
2011279
2206402
1691639
1979002
2041477
2221376
2033602
2043402
2056698
2155297
2098357
1968498
1962674
2136919
2205901
1291088
2090495
1541480
1990585
2144433
2319723
1954608
1975994
2140862
2127910
1961093
2053509
2156122
1354963
2158225
2152247
2109309
1991308
2063784
2173164
2152145
2238942
2065373
2298806
1962205
2096755
1975185
2171109
2050026
2229398
1960610
1986497
2240760
1978605
2009857
1985829
2121977
2219040
1462750
2221937
1959331
2047301
1996439
1981564
1958441
2132099
1963575
1980479
1990685
2100068
1982329
2184786
1992849
1965717
2147756
2111716
2051424
1976489
1453817
2264399
1974237
225202
2098946
1981638
1261426
2104345
1811011
2183141
1086808
2038281
42107
2166820
2203027
2246741
2272481
2062734
2003758
2035332
1987556
2289891
2135196
2171106
2039639
1519966
1984307
2020959
2045943
2144678
1971018
2121292
1987276
1989583
2122619
2014181
2056438
2062908
1152311
2047698
1976520
1985530
2138001
2183254
1955979
2059251
2090062
2052908
2157900
1990851
2098329
2074090
1777614
2069038
1971939
2192557
2041322
1952050
2040280
2054559
2064809
2231604
2069871
1083505
2226239
1977416
1972749
2191309
2053179
2117018
1976367
2049395
2069425
2065825
0
1822462
2012522
2290081
2239283
2282375
1962608
2096390
1978454
2209661
1978675
2240937
2014411
2048374
1998713
2033060
1980322
1971773
1954902
1965271
1975763
2075226
2126075
1535959
1116473
2191437
2090361
1979466
1969710
1128103
2204184
1981763
2315417
2237567
2183968
1859134
1969658
2042666
2237357
2147008
2116623
2292491
2096192
2306521
2067739
2240544
1678579
2072969
2197952
2142523
1985764
2062888
2134700
1935229
211306
1975773
1249263
1976442
1972252
1962293
2048827
65578
1973102
2162090
2065775
1913270
2166763
1959763
2201119
2003366
2299462
2057269
2156113
1977346
2045555
2193546
1971889
1994706
1523707
1232983
1976962
1960790
1964501
2176013
2007956
2087220
1966337
1978234
2089970
1959895
2011058
1441726
1980730
1975989
1817554
2022654
2310566
2049282
2172805
2080492
2105987
2094532
2023776
1969010
2162663
2029665
2035426
2232929
1997209
2024855
2065754
2085486
2235419
85894
1542407
2128040
2035964
2061060
1981002
2235886
2230266
2076750
1965970
2055776
2022991
2227959
1953816
2213458
2063828
1962302
2026858
1415238
1988008
2032661
2045384
2105607
1972227
2324201
2094280
